Viga Biapoiada discretizada com Triangulos Lineares TRIA3
    4    2    1    2    2
ftftt
       1.0       1.0
0123456789
	  10.0     1.0e-2   0.0 0.0 0.5  0.25 100 
    1    1    1    1    1    1    1 0.000E+00 0.000E+00 0.000E+00
    2    0    0    1    1    1    1 1.000E+00 0.000E+00 0.000E+00
    3    0    0    1    1    1    1 1.000E+00 1.000E+00 0.000E+00
    4    1    1    1    1    1    1 0.000E+00 1.000E+00 0.000E+00
    1   1.0E+00     0.000     1.000      1.00
    1    1    3    4    1
    2    1    2    3    1
    2 0.500E+00 0.000E+00 0.000E+00 0.000E+00 0.000E+00 0.000E+00
    3 0.500E+00 0.000E+00 0.000E+00 0.000E+00 0.000E+00 0.000E+00
 